0 0 0 1 1 Air
1 0 1 0 0 土方块
2 0 1 0 0 草方块
3 0 1 0 0 石头
4 0 1 0 0 粗糙的石头
5 0 1 0 0 沙子
6 0 1 0 0 石灰岩
7 0 1 0 0 苔石
8 0 1 0 0 大理石
9 0 1 0 0 红土
10 0 1 1 0 玻璃
11 0 1 0 0 红砖
12 0 1 0 0 铁块
13 0 1 0 0 金块
14 0 1 0 0 钻石块
15 0 1 0 0 西瓜
16 0 1 0 0 南瓜
17 0 1 0 0 绿宝石块
18 0 1 0 0 黑色羊毛
19 0 1 0 0 蓝色羊毛
20 0 1 0 0 棕色羊毛
21 0 1 0 0 青色羊毛
22 0 1 0 0 灰色羊毛
23 0 1 0 0 绿色羊毛
24 0 1 0 0 浅蓝色羊毛
25 0 1 0 0 浅绿色羊毛
26 0 1 0 0 品红色羊毛
27 0 1 0 0 橙色羊毛
28 0 1 0 0 粉红色羊毛
29 0 1 0 0 紫色羊毛
30 0 1 0 0 红色羊毛
31 0 1 0 0 银色羊毛
32 0 1 0 0 白色羊毛
33 0 1 0 0 黄色羊毛
34 0 1 0 0 蓝宝石
35 0 1 0 0 桦木
36 0 1 0 0 杉木
37 0 1 0 0 松木
38 0 1 0 0 桦木板
39 0 1 0 0 杉木板
40 0 1 0 0 松木板
41 0 1 1 1 桦树叶
42 0 1 1 1 杉树叶
43 0 1 1 1 松树叶

44 1 0 1 1 草
45 1 0 1 1 小麦
46 1 0 1 1 芦荟
47 1 0 1 1 马铃薯
48 1 0 1 1 胡萝卜

49 1 0 1 1 玫瑰
50 1 0 1 1 菊花
