64 64
0 0    0 0 0 0 0 0
1 0    1 1 1 1 1 1
2 0    9 9 9 9 11 1
3 0    4 4 4 4 4 4
4 0    20 20 20 20 20 20
5 0    15 15 15 15 16 16
6 0    10 10 10 10 38 1
7 0    19 19 19 19 19 19
8 0    2 2 2 2 2 2
9 0    5 5 5 5 5 5
10 0    7 7 7 7 7 7
11 0  13 13 13 13 13 13
12 0  8 8 8 8 8 8
13 0  6 6 6 6 6 6
14 0  12 12 12 12 12 12
15 0  17 17 17 17 18 18
16 1  21 21 21 21
17 1  3 3 3 3
18 0  22 22 22 22 22 22
19 0  23 23 23 23 23 23
20 0  24 24 24 24 24 24
21 0  25 25 25 25 25 25
22 0  27 27 27 27 27 27
23 0  28 28 28 28 28 28
24 0  29 29 29 29 29 29
25 0  30 30 30 30 30 30
26 0  32 32 32 32 32 32
27 0  33 33 33 33 33 33
28 0  34 34 34 34 34 34
29 0  35 35 35 35 35 35
30 0  37 37 37 37 37 37
31 0  26 26 26 26 26 26
32 0  31 31 31 31 31 31
33 0  36 36 36 36 36 36
34 0  14 14 14 14 14 14