8 8
0 0    7 1 7 1 7 1 7 1 7 1 7 1
1 0    0 2 0 2 0 2 0 2 0 2 0 2
2 0    0 0 0 0 0 0 0 0 0 1 0 2
3 0    1 0 1 0 1 0 1 0 1 0 1 0
4 0    1 2 1 2 1 2 1 2 1 2 1 2
5 0    2 0 2 0 2 0 2 0 2 1 2 1
6 0    3 0 3 0 3 0 3 0 3 1 0 2
7 0    4 0 4 0 4 0 4 0 4 0 4 0
8 0    4 1 4 1 4 1 4 1 4 1 4 1
9 0    1 1 1 1 1 1 1 1 1 1 1 1
10 0    7 0 7 0 7 0 7 0 7 0 7 0
11 0  3 2 3 2 3 2 3 2 3 2 3 2
12 0  4 2 4 2 4 2 4 2 4 2 4 2
13 0  5 2 5 2 5 2 5 2 5 2 5 2
14 0  6 0 6 0 6 0 6 0 6 0 6 0
15 0  5 0 5 0 5 0 5 0 5 1 5 1
16 1  0 3 0 3 0 3 0 3
17 1  1 3 1 3 1 3 1 3
18 0  0 7 0 7 0 7 0 7 0 7 0 7
19 0  1 7 1 7 1 7 1 7 1 7 1 7
20 0  2 7 2 7 2 7 2 7 2 7 2 7
21 0  3 7 3 7 3 7 3 7 3 7 3 7
22 0  4 7 4 7 4 7 4 7 4 7 4 7
23 0  5 7 5 7 5 7 5 7 5 7 5 7
24 0  6 7 6 7 6 7 6 7 6 7 6 7
25 0  7 7 7 7 7 7 7 7 7 7 7 7
26 0  0 6 0 6 0 6 0 6 0 6 0 6
27 0  1 6 1 6 1 6 1 6 1 6 1 6
28 0  2 6 2 6 2 6 2 6 2 6 2 6
29 0  3 6 3 6 3 6 3 6 3 6 3 6
30 0  4 6 4 6 4 6 4 6 4 6 4 6
31 0  5 6 5 6 5 6 5 6 5 6 5 6
32 0  6 6 6 6 6 6 6 6 6 6 6 6
33 0  7 5 7 5 7 5 7 5 7 5 7 5
34 0  2 2 2 2 2 2 2 2 2 2 2 2